-2.45
-2.99
-3.53
-4.07
-4.62
-5.16
-5.7
-6.25
-2.79
0.67
4.12
7.58
7.34
7.1
6.86
4.96
3.05
1.15
0.43
-0.28
-1.0
-1.35
-1.7
-2.05
-2.35
-2.67
-2.99
-2.38
-1.77
-1.16
-0.03
1.1
2.22
3.12
4.01
4.91
4.58
4.25
3.92
3.55
3.18
2.8
2.74
2.67
2.61
2.36
2.1
1.85
6.92
6.9
6.87
6.8
6.74
6.67
7.53
8.39
9.24
10.44
11.64
12.84
13.19
13.55
13.9
12.55
11.19
9.84
9.38
8.92
8.46
8.02
7.58
7.14
3.18
2.74
2.3
2.23
2.16
2.08
2.3
2.52
2.73
2.38
2.03
1.68
1.09
0.5
-0.1
-0.65
-1.2
-1.76
-1.65
-1.53
-1.42
-1.55
-1.68
-1.81
11.9
11.54
11.18
10.91
10.64
10.37
11.44
12.51
13.57
14.35
15.14
15.92
16.32
16.72
17.12
16.0
14.88
13.76
12.53
11.29
10.06
9.91
9.76
9.61
14.66
14.09
13.52
14.07
14.61
15.16
17.02
18.89
20.76
21.53
22.31
23.08
23.25
23.42
23.58
22.53
21.48
20.43
18.46
16.5
14.54
14.64
14.75
14.85
18.38
18.44
18.49
18.61
18.73
18.86
18.91
18.96
19.01
19.89
20.76
21.64
22.14
22.64
23.14
22.27
21.39
20.51
19.46
18.41
17.36
17.41
17.46
17.51
17.49
17.22
16.96
17.31
17.66
18.02
18.1
18.18
18.26
19.19
20.11
21.03
21.32
21.61
21.89
21.29
20.68
20.07
18.86
17.65
16.43
16.58
16.72
16.87
16.36
15.63
14.9
14.65
14.4
14.16
16.88
19.61
22.34
23.0
23.67
24.33
24.65
24.97
25.29
24.16
23.03
21.9
21.15
20.4
19.65
18.81
17.97
17.14
11.72
11.7
11.68
12.76
13.84
14.92
16.85
18.78
20.71
21.58
22.45
23.32
23.55
23.78
24.01
23.31
22.61
21.91
20.28
18.66
17.03
17.16
17.28
17.4
-10.065000000000001
33.781000000000006
